# Created by Octave 4.4.1, Wed Jan 30 22:36:04 2019 GMT <unknown@zuk02-10-272>
# name: v
# type: matrix
# rows: 1
# columns: 11
 2104 1600 2400 1416 3000 1985 1534 1427 1380 1494 1940


